{
  "__type__": "cc.Model",
  "_name": "AUS_character_animation",
  "_objFlags": 0,
  "_native": "",
  "_nodes": [
    {
      "name": "RootNode",
      "scale": [
        1,
        1,
        1
      ],
      "children": [
        1,
        6,
        12,
        25
      ],
      "position": [
        0,
        0,
        0
      ],
      "quat": [
        0,
        0,
        0,
        1
      ],
      "path": ""
    },
    {
      "name": "AUS_character_bone_hand_L",
      "scale": [
        0.523553609848022,
        0.523554027080536,
        0.523554503917694
      ],
      "children": [
        2,
        4
      ],
      "parent": null,
      "position": [
        0.00334100122563541,
        0.0120396232232451,
        0.00251762266270816
      ],
      "quat": [
        0.680003046989441,
        -0.198626086115837,
        0.53246933221817,
        -0.463270902633667
      ],
      "path": "AUS_character_bone_hand_L",
      "uniqueBindPose": [
        0.9992285966873169,
        0.03927050158381462,
        6.794675044830001e-8,
        0,
        -0.03927050903439522,
        0.9992284178733826,
        -9.272554279959877e-7,
        0,
        -1.0430811414607888e-7,
        9.238715961146227e-7,
        1.0000001192092896,
        0,
        -0.012629843316972256,
        -0.00018568227824289352,
        -0.015784310176968575,
        1
      ]
    },
    {
      "name": "AUS_character_bone_finger_L_1",
      "scale": [
        0.999999940395355,
        0.999999940395355,
        1
      ],
      "children": [
        3
      ],
      "parent": null,
      "position": [
        0.00368936290033162,
        4.76837147544984e-9,
        0
      ],
      "quat": [
        -0.0428382642567158,
        0.736031889915466,
        -0.0127378506585956,
        0.675469994544983
      ],
      "path": "AUS_character_bone_hand_L/AUS_character_bone_finger_L_1",
      "uniqueBindPose": [
        0.9970375895500183,
        0.07691618800163269,
        6.794674334287265e-8,
        0,
        -0.07691620290279388,
        0.997037410736084,
        -9.272554279959877e-7,
        0,
        -1.3906641527228203e-7,
        9.192820016323822e-7,
        1.0000001192092896,
        0,
        -0.01630060374736786,
        -0.0008008334552869201,
        -0.015784310176968575,
        1
      ]
    },
    {
      "name": "AUS_character_bone_finger_L_2",
      "scale": [
        1.00000035762787,
        1.00000035762787,
        1
      ],
      "parent": null,
      "position": [
        0.00166912190616131,
        -4.76837147544984e-9,
        2.22044599961948e-18
      ],
      "quat": [
        -0.0726416483521461,
        0.733690023422241,
        -0.0146557437255979,
        0.675431191921234
      ],
      "path": "AUS_character_bone_hand_L/AUS_character_bone_finger_L_1/AUS_character_bone_finger_L_2",
      "uniqueBindPose": [
        0.9927624464035034,
        0.12009190022945404,
        6.794673623744529e-8,
        0,
        -0.12009193003177643,
        0.9927622675895691,
        -9.272554279959877e-7,
        0,
        -1.7881083635984396e-7,
        9.123842801272986e-7,
        1.0000001192092896,
        0,
        -0.017918068915605545,
        -0.0015795417129993439,
        -0.015784310176968575,
        1
      ]
    },
    {
      "name": "AUS_character_bone_finger_L_3",
      "scale": [
        0.99999988079071,
        0.99999988079071,
        1
      ],
      "children": [
        5
      ],
      "parent": null,
      "position": [
        0.00156247138511389,
        -0.00191203237045556,
        -0.000336915254592896
      ],
      "quat": [
        -0.0527740567922592,
        0.379027038812637,
        -0.0913756638765335,
        0.919349730014801
      ],
      "path": "AUS_character_bone_hand_L/AUS_character_bone_finger_L_3",
      "uniqueBindPose": [
        0.7241381406784058,
        0.6896548867225647,
        6.794661544518021e-8,
        0,
        -0.6896548867225647,
        0.7241381406784058,
        -9.272555985262443e-7,
        0,
        -6.886889991619682e-7,
        6.246013413147011e-7,
        1.0000001192092896,
        0,
        -0.011794215999543667,
        -0.008080752566456795,
        -0.015447395853698254,
        1
      ]
    },
    {
      "name": "AUS_character_bone_finger_L_4",
      "scale": [
        1,
        1,
        1
      ],
      "parent": null,
      "position": [
        0.00147338747046888,
        -2.38418573772492e-9,
        5.9604643443123e-10
      ],
      "quat": [
        -8.89015261407167e-9,
        2.05195878066888e-8,
        0.36869016289711,
        0.929552376270294
      ],
      "path": "AUS_character_bone_hand_L/AUS_character_bone_finger_L_3/AUS_character_bone_finger_L_4",
      "uniqueBindPose": [
        0.7622948288917542,
        0.6472299695014954,
        6.7946650972317e-8,
        0,
        -0.6472300291061401,
        0.7622948288917542,
        -9.272555985262443e-7,
        0,
        -6.519430257867498e-7,
        6.628649202866654e-7,
        1.0000001192092896,
        0,
        -0.013706903904676437,
        -0.007310862187296152,
        -0.015447395853698254,
        1
      ]
    },
    {
      "name": "AUS_character_bone_hand_R",
      "scale": [
        1.52245056629181,
        1.52244901657104,
        1.52245020866394
      ],
      "children": [
        7,
        9,
        11
      ],
      "parent": null,
      "position": [
        -0.0125946253538132,
        0.0127124832943082,
        0.011687321588397
      ],
      "quat": [
        -0.0100504662841558,
        -0.708611845970154,
        0.00900419428944588,
        0.70546942949295
      ],
      "path": "AUS_character_bone_hand_R",
      "uniqueBindPose": [
        -0.9992284774780273,
        0.039270736277103424,
        -1.1294051915911041e-7,
        0,
        -0.039270732551813126,
        -0.9992285966873169,
        -5.412946393335005e-7,
        0,
        -1.341104365337742e-7,
        -5.364418029785156e-7,
        1,
        0,
        -0.012634539045393467,
        0.00018586363876238465,
        -0.015784306451678276,
        1
      ]
    },
    {
      "name": "AUS_character_bone_finger_R_3",
      "scale": [
        1,
        1,
        1
      ],
      "children": [
        8
      ],
      "parent": null,
      "position": [
        0.00156247138511389,
        0.00191203167196363,
        -0.000336914061335847
      ],
      "quat": [
        0.315820187330246,
        0.34556719660759,
        0.14408141374588,
        0.871826529502869
      ],
      "path": "AUS_character_bone_hand_R/AUS_character_bone_finger_R_3",
      "uniqueBindPose": [
        -0.724138081073761,
        0.6896548867225647,
        -1.1294054758081984e-7,
        0,
        -0.6896548867225647,
        -0.724138081073761,
        -5.412945824900817e-7,
        0,
        -4.55091054618606e-7,
        -3.1408205813932e-7,
        1,
        0,
        -0.011797623708844185,
        0.008083989843726158,
        -0.01544739305973053,
        1
      ]
    },
    {
      "name": "AUS_character_bone_finger_R_4",
      "scale": [
        0.999999940395355,
        0.999999940395355,
        1
      ],
      "parent": null,
      "position": [
        0.00147338747046888,
        1.19209286886246e-9,
        -1.11022299980974e-18
      ],
      "quat": [
        -6.33404440009144e-8,
        -2.65788671072187e-8,
        -0.448302835226059,
        0.893881738185883
      ],
      "path": "AUS_character_bone_hand_R/AUS_character_bone_finger_R_3/AUS_character_bone_finger_R_4",
      "uniqueBindPose": [
        -0.7622945308685303,
        0.6472304463386536,
        -1.1294054758081984e-7,
        0,
        -0.6472303867340088,
        -0.7622945308685303,
        -5.412945824900817e-7,
        0,
        -4.3643629510370374e-7,
        -3.395273608930438e-7,
        1,
        0,
        -0.013710486702620983,
        0.007313905283808708,
        -0.01544739305973053,
        1
      ]
    },
    {
      "name": "AUS_character_bone_finger_R_1",
      "scale": [
        1,
        1,
        1
      ],
      "children": [
        10
      ],
      "parent": null,
      "position": [
        0.00368936290033162,
        -5.36441779885877e-9,
        -5.9604643443123e-10
      ],
      "quat": [
        -0.0510326661169529,
        0.342996031045914,
        -0.0127580231055617,
        0.937862813472748
      ],
      "path": "AUS_character_bone_hand_R/AUS_character_bone_finger_R_1",
      "uniqueBindPose": [
        -0.9970374703407288,
        0.0769164189696312,
        -1.1294054047539248e-7,
        0,
        -0.0769164115190506,
        -0.9970375895500183,
        -5.412946393335005e-7,
        0,
        -1.5424038224409742e-7,
        -5.310041046868719e-7,
        1,
        0,
        -0.016305290162563324,
        0.0008011915488168597,
        -0.015784308314323425,
        1
      ]
    },
    {
      "name": "AUS_character_bone_finger_R_2",
      "scale": [
        0.999999940395355,
        0.999999940395355,
        1
      ],
      "parent": null,
      "position": [
        0.00166912283748388,
        4.76837147544984e-9,
        -1.19209286886246e-9
      ],
      "quat": [
        0.053162656724453,
        0.499239653348923,
        -0.0364494435489178,
        0.864063024520874
      ],
      "path": "AUS_character_bone_hand_R/AUS_character_bone_finger_R_1/AUS_character_bone_finger_R_2",
      "uniqueBindPose": [
        -0.9927628040313721,
        0.12009217590093613,
        -1.1294051915911041e-7,
        0,
        -0.12009216845035553,
        -0.9927628040313721,
        -5.412946393335005e-7,
        0,
        -1.771284132701112e-7,
        -5.238139237917494e-7,
        1,
        0,
        -0.017922742292284966,
        0.0015801031840965152,
        -0.015784308314323425,
        1
      ]
    },
    {
      "name": "AUS_character_bone_sword",
      "scale": [
        0.65683650970459,
        0.656836271286011,
        0.656835436820984
      ],
      "parent": null,
      "position": [
        0.00328940991312265,
        -0.00023883581161499,
        -0.00232663261704147
      ],
      "quat": [
        -0.0459630601108074,
        -0.0441923215985298,
        0.691673159599304,
        0.719390511512756
      ],
      "path": "AUS_character_bone_hand_R/AUS_character_bone_sword",
      "uniqueBindPose": [
        8.940691742509443e-8,
        0.9918688535690308,
        0.12726496160030365,
        0,
        -0.9999997615814209,
        8.867996825756563e-8,
        1.1378372022363692e-8,
        0,
        6.123232277692369e-17,
        -0.12726496160030365,
        0.9918689727783203,
        0,
        0.0027614887803792953,
        0.01821756735444069,
        -0.012166335247457027,
        1
      ]
    },
    {
      "name": "AUS_character_ctr_all",
      "scale": [
        1,
        1,
        1
      ],
      "children": [
        13
      ],
      "parent": null,
      "position": [
        0,
        0,
        0
      ],
      "quat": [
        -0.70710676908493,
        0,
        0,
        0.70710676908493
      ],
      "path": "AUS_character_ctr_all"
    },
    {
      "name": "Point001",
      "scale": [
        1,
        1,
        1
      ],
      "children": [
        14,
        23,
        24
      ],
      "parent": null,
      "position": [
        0,
        -0.000374622322851792,
        0.0106485038995743
      ],
      "quat": [
        0.707107067108154,
        5.59147053991182e-7,
        0.707106530666351,
        -5.59147451895115e-7
      ],
      "path": "AUS_character_ctr_all/Point001"
    },
    {
      "name": "AUS_character_bone_body",
      "scale": [
        1.00000071525574,
        0.999999463558197,
        1
      ],
      "children": [
        15,
        17,
        20
      ],
      "parent": null,
      "position": [
        -0.000438232411397621,
        4.47034825823422e-10,
        -3.90798502550473e-16
      ],
      "quat": [
        7.72388801806301e-8,
        1.49016425865511e-8,
        1.01949439113014e-7,
        1
      ],
      "path": "AUS_character_ctr_all/Point001/AUS_character_bone_body",
      "uniqueBindPose": [
        0.0000012924833754368592,
        8.771913826421951e-7,
        1,
        0,
        6.123234262925839e-17,
        -0.9999998211860657,
        8.77191439485614e-7,
        0,
        1,
        -1.1336940500955572e-12,
        -0.0000012924833754368592,
        0,
        -0.01064850389957428,
        -0.0003746212169062346,
        0.0000021091761936986586,
        1
      ]
    },
    {
      "name": "AUS_character_bone_head",
      "scale": [
        1,
        1,
        1
      ],
      "children": [
        16
      ],
      "parent": null,
      "position": [
        0.00610202318057418,
        1.26659871479973e-9,
        1.88293814812031e-15
      ],
      "quat": [
        -2.38418564890708e-7,
        2.8244073746464e-13,
        -4.76837158203125e-7,
        1
      ],
      "path": "AUS_character_ctr_all/Point001/AUS_character_bone_body/AUS_character_bone_head",
      "uniqueBindPose": [
        3.3880891692206205e-7,
        4.003542244390701e-7,
        1,
        0,
        6.123234262925839e-17,
        -0.9999998211860657,
        4.0035428128248896e-7,
        0,
        1,
        -1.3558236835759657e-13,
        -3.3880891692206205e-7,
        0,
        -0.016750527545809746,
        -0.0003746303846128285,
        0.0000021009097963542445,
        1
      ]
    },
    {
      "name": "AUS_character_bone_helmet",
      "scale": [
        1.00000059604645,
        0.999999165534973,
        0.999999940395355
      ],
      "parent": null,
      "position": [
        0.00589014636352658,
        1.00582830953044e-9,
        1.75535072588495e-10
      ],
      "quat": [
        -3.52503235490076e-7,
        3.70207402511369e-8,
        0.0079597570002079,
        0.999968349933624
      ],
      "path": "AUS_character_ctr_all/Point001/AUS_character_bone_body/AUS_character_bone_head/AUS_character_bone_helmet",
      "uniqueBindPose": [
        -5.960465188081798e-8,
        4.3089370960203155e-10,
        1,
        0,
        -0.015919337049126625,
        -0.9998732805252075,
        -5.180273432436877e-10,
        0,
        0.9998733401298523,
        -0.015919335186481476,
        5.960395554893694e-8,
        0,
        -0.022643771022558212,
        -0.000014161470971885137,
        0.000002093559487548191,
        1
      ]
    },
    {
      "name": "AUS_character_bone_leg_R_1",
      "scale": [
        1.00000011920929,
        1.00000011920929,
        1
      ],
      "children": [
        18
      ],
      "parent": null,
      "position": [
        -0.00244891410693526,
        0.000112134403025266,
        -0.00425000069662929
      ],
      "quat": [
        0.159541845321655,
        0.987191140651703,
        -4.46448979118941e-7,
        4.76665071857951e-8
      ],
      "path": "AUS_character_ctr_all/Point001/AUS_character_bone_body/AUS_character_bone_leg_R_1",
      "uniqueBindPose": [
        6.860208401349155e-8,
        3.5153445310243114e-7,
        -1,
        0,
        -0.16930072009563446,
        -0.9855639338493347,
        -3.5807443055091426e-7,
        0,
        -0.9855644702911377,
        0.1693006455898285,
        -8.09669664647572e-9,
        0,
        0.007998817600309849,
        -0.001867923652753234,
        -0.004252096172422171,
        1
      ]
    },
    {
      "name": "AUS_character_bone_leg_R_2",
      "scale": [
        1,
        1.00000011920929,
        1
      ],
      "children": [
        19
      ],
      "parent": null,
      "position": [
        0.00472714705392718,
        -8.94069651646845e-10,
        -5.55111499904869e-19
      ],
      "quat": [
        -4.04835532208381e-7,
        2.19833644621303e-8,
        -0.390161126852036,
        0.920746624469757
      ],
      "path": "AUS_character_ctr_all/Point001/AUS_character_bone_body/AUS_character_bone_leg_R_1/AUS_character_bone_leg_R_2",
      "uniqueBindPose": [
        -1.7010607678002998e-7,
        0.0000012147510233262437,
        -1,
        0,
        0.2527771592140198,
        -0.9675244092941284,
        -0.000001218300553773588,
        0,
        -0.9675241112709045,
        -0.25277724862098694,
        -1.4247959256863396e-7,
        0,
        0.003751034615561366,
        -0.00035025744000449777,
        -0.004252096172422171,
        1
      ]
    },
    {
      "name": "AUS_character_bone_leg_R_3",
      "scale": [
        0.99999988079071,
        1,
        1
      ],
      "parent": null,
      "position": [
        0.00327912997454405,
        -3.72529021519519e-11,
        5.9604643443123e-10
      ],
      "quat": [
        3.60864163440056e-7,
        -3.11734453362078e-7,
        0.749490797519684,
        0.662014782428741
      ],
      "path": "AUS_character_ctr_all/Point001/AUS_character_bone_body/AUS_character_bone_leg_R_1/AUS_character_bone_leg_R_2/AUS_character_bone_leg_R_3",
      "uniqueBindPose": [
        2.7278284164822253e-7,
        8.303950416177486e-9,
        -1,
        0,
        -0.9913319945335388,
        -0.13137871026992798,
        -2.715094353789027e-7,
        0,
        -0.13137872517108917,
        0.991331934928894,
        -2.760589801198421e-8,
        0,
        -0.0004058490740135312,
        -0.00042504610610194504,
        -0.004252096172422171,
        1
      ]
    },
    {
      "name": "AUS_character_bone_leg_L_1",
      "scale": [
        1,
        1,
        1
      ],
      "children": [
        21
      ],
      "parent": null,
      "position": [
        -0.00244891457259655,
        0.000112138237454928,
        0.00424999976530671
      ],
      "quat": [
        -1.73201627262642e-7,
        -1.52420405186149e-8,
        0.987191021442413,
        0.159542560577393
      ],
      "path": "AUS_character_ctr_all/Point001/AUS_character_bone_body/AUS_character_bone_leg_L_1",
      "uniqueBindPose": [
        7.533599299947014e-10,
        -0.0000012398472790664528,
        1,
        0,
        -0.16930170357227325,
        0.9855639338493347,
        0.0000012220771168358624,
        0,
        -0.9855644702911377,
        -0.1693015992641449,
        -2.0916580467655876e-7,
        0,
        0.0079988157376647,
        0.0018679348286241293,
        -0.004247902426868677,
        1
      ]
    },
    {
      "name": "AUS_character_bone_leg_L_2",
      "scale": [
        1,
        1,
        1
      ],
      "children": [
        22
      ],
      "parent": null,
      "position": [
        0.00472714938223362,
        2.08616257602046e-9,
        2.98023217215615e-10
      ],
      "quat": [
        3.91163894164492e-7,
        1.36058076805057e-7,
        0.39016130566597,
        0.920746505260468
      ],
      "path": "AUS_character_ctr_all/Point001/AUS_character_bone_body/AUS_character_bone_leg_L_1/AUS_character_bone_leg_L_2",
      "uniqueBindPose": [
        -5.571616270572122e-7,
        -2.321979337693847e-7,
        1,
        0,
        0.25277653336524963,
        0.9675248265266418,
        3.654946567621664e-7,
        0,
        -0.9675244092941284,
        0.2527766525745392,
        -4.803736146641313e-7,
        0,
        0.0037510369438678026,
        0.0003502667532302439,
        -0.004247902426868677,
        1
      ]
    },
    {
      "name": "AUS_character_bone_leg_L_3",
      "scale": [
        1.00000011920929,
        0.999999940395355,
        1
      ],
      "parent": null,
      "position": [
        0.00327912927605212,
        -7.45058043039037e-11,
        5.9604643443123e-10
      ],
      "quat": [
        -5.36077550350456e-7,
        -4.73509743414979e-7,
        -0.749490976333618,
        0.662014544010162
      ],
      "path": "AUS_character_ctr_all/Point001/AUS_character_bone_body/AUS_character_bone_leg_L_1/AUS_character_bone_leg_L_2/AUS_character_bone_leg_L_3",
      "uniqueBindPose": [
        0.0000017297318208875367,
        -5.242262659521657e-7,
        1,
        0,
        -0.9913322925567627,
        0.13137787580490112,
        0.000001783611082828429,
        0,
        -0.13137787580490112,
        -0.9913322925567627,
        -2.92433952608917e-7,
        0,
        -0.00040586094837635756,
        0.0004250482306815684,
        -0.004247902426868677,
        1
      ]
    },
    {
      "name": "AUS_character_ctr_leg_L",
      "scale": [
        1,
        1.00000011920929,
        1
      ],
      "parent": null,
      "position": [
        -0.0102804638445377,
        0.0000835692117107101,
        0.00424999976530671
      ],
      "quat": [
        0.707107424736023,
        -3.06265889093993e-7,
        0.707106173038483,
        3.06266429106472e-7
      ],
      "path": "AUS_character_ctr_all/Point001/AUS_character_ctr_leg_L"
    },
    {
      "name": "AUS_character_ctr_leg_R",
      "scale": [
        1,
        1.00000011920929,
        1
      ],
      "parent": null,
      "position": [
        -0.0102804619818926,
        0.0000835553946672007,
        -0.00425000116229057
      ],
      "quat": [
        0.707107424736023,
        -3.06265889093993e-7,
        0.707106173038483,
        3.06266429106472e-7
      ],
      "path": "AUS_character_ctr_all/Point001/AUS_character_ctr_leg_R"
    },
    {
      "name": "AUS_character_model",
      "scale": [
        1,
        1,
        1
      ],
      "mesh": 0,
      "skin": 0,
      "parent": null,
      "position": [
        0,
        0,
        1.19209286886246e-9
      ],
      "quat": [
        -0.70710676908493,
        0,
        0,
        0.70710676908493
      ],
      "path": "AUS_character_model"
    }
  ],
  "_precomputeJointMatrix": false
}