{
  "__type__": "cc.Model",
  "_name": "Wood_box",
  "_objFlags": 0,
  "_native": "",
  "_nodes": [
    {
      "name": "RootNode",
      "scale": [
        1,
        1,
        1
      ],
      "children": [
        1,
        2,
        3,
        4,
        5,
        6,
        7,
        8,
        9,
        10,
        11,
        12,
        13,
        14,
        15,
        16,
        17,
        18,
        19,
        20,
        21,
        22
      ],
      "position": [
        0,
        0,
        0
      ],
      "quat": [
        0,
        0,
        0,
        1
      ],
      "path": ""
    },
    {
      "name": "Wood_box_model",
      "scale": [
        1,
        1,
        1
      ],
      "mesh": 0,
      "skin": 0,
      "parent": null,
      "position": [
        0,
        0,
        0
      ],
      "quat": [
        2.1855694143369e-8,
        0,
        0,
        1
      ],
      "path": "Wood_box_model"
    },
    {
      "name": "Wood_box_bone_base",
      "scale": [
        0.99999988079071,
        1,
        1.00000035762787
      ],
      "parent": null,
      "position": [
        0,
        0,
        0
      ],
      "quat": [
        -0.00000307173718283593,
        -0.00000321934749081265,
        0.709449410438538,
        0.704756379127502
      ],
      "path": "Wood_box_bone_base",
      "uniqueBindPose": [
        -0.006636949256062508,
        -0.9999780058860779,
        -0.000008521322342858184,
        0,
        0.9999780654907227,
        -0.006636948324739933,
        -2.3684840755322512e-7,
        0,
        1.8028769943612133e-7,
        -0.00000852271023177309,
        0.9999995827674866,
        0,
        0,
        0,
        0,
        1
      ]
    },
    {
      "name": "Wood_box_bone_4",
      "scale": [
        1.00000011920929,
        1.00000035762787,
        0.999999940395355
      ],
      "parent": null,
      "position": [
        0.00712266005575657,
        0.00645369710400701,
        0.00717051327228546
      ],
      "quat": [
        0.328416138887405,
        0.328416526317596,
        0.626213669776917,
        0.626212298870087
      ],
      "path": "Wood_box_bone_4",
      "uniqueBindPose": [
        -0.0000023486122699978296,
        -0.5536043643951416,
        0.8327796459197998,
        0,
        1,
        -0.000001698620849310828,
        0.0000016910205431486247,
        0,
        4.784207021657494e-7,
        0.8327793478965759,
        0.5536045432090759,
        0,
        -0.006453684996813536,
        -0.002028310438618064,
        -0.009901244193315506,
        1
      ]
    },
    {
      "name": "Wood_box_bone_10",
      "scale": [
        1.00000023841858,
        1.00000023841858,
        1.00000023841858
      ],
      "parent": null,
      "position": [
        -0.00707629835233092,
        0.00645367009565234,
        -0.0070254597812891
      ],
      "quat": [
        0.664465844631195,
        0.664464831352234,
        -0.241838246583939,
        -0.241838604211807
      ],
      "path": "Wood_box_bone_10",
      "uniqueBindPose": [
        0.0000017316062894678907,
        0.7660566568374634,
        -0.6427727937698364,
        0,
        0.9999998211860657,
        -0.0000013546051604862441,
        0.0000010795441767186276,
        0,
        -4.371138473402425e-8,
        -0.642772912979126,
        -0.766056478023529,
        0,
        -0.006453655194491148,
        0.0009050792432390153,
        -0.009930359199643135,
        1
      ]
    },
    {
      "name": "Wood_box_bone_8",
      "scale": [
        1.00000011920929,
        0.999999701976776,
        1
      ],
      "parent": null,
      "position": [
        -0.00695076445117593,
        0.00645367242395878,
        0.00353485043160617
      ],
      "quat": [
        -0.442821592092514,
        -0.442822635173798,
        0.551279544830322,
        0.551278531551361
      ],
      "path": "Wood_box_bone_8",
      "uniqueBindPose": [
        -0.000002372815970375086,
        -0.23109988868236542,
        -0.9729301333427429,
        0,
        1,
        -2.1898027569022815e-7,
        -0.000002386821051914012,
        0,
        3.385414117929031e-7,
        -0.9729302525520325,
        0.23109984397888184,
        0,
        -0.0064536877907812595,
        0.0018328434089198709,
        -0.007579497527331114,
        1
      ]
    },
    {
      "name": "Wood_box_bone_1",
      "scale": [
        0.999999940395355,
        1.00000059604645,
        1.00000011920929
      ],
      "parent": null,
      "position": [
        0.00698857707902789,
        0.00645369617268443,
        -0.00355459214188159
      ],
      "quat": [
        0.603461503982544,
        0.603462517261505,
        0.368556648492813,
        0.368555575609207
      ],
      "path": "Wood_box_bone_1",
      "uniqueBindPose": [
        -0.0000023321622393268626,
        0.4115856885910034,
        0.9113709926605225,
        0,
        1.0000001192092896,
        4.5583445285046764e-7,
        0.000002353100171603728,
        0,
        5.530683893084642e-7,
        0.9113705158233643,
        -0.41158586740493774,
        0,
        -0.006453679874539375,
        0.0003631499712355435,
        -0.007832217961549759,
        1
      ]
    },
    {
      "name": "Wood_box_bone_6",
      "scale": [
        1.00000011920929,
        1.00000011920929,
        1.00000083446503
      ],
      "parent": null,
      "position": [
        -0.00181410787627101,
        0.00645368034020066,
        0.00699334684759378
      ],
      "quat": [
        -0.00000655945996186347,
        -0.00000655944768368499,
        0.707106113433838,
        0.707107424736023
      ],
      "path": "Wood_box_bone_6",
      "uniqueBindPose": [
        -0.000001918859197758138,
        -0.9422401785850525,
        0.3349371552467346,
        0,
        1,
        -0.0000019937490378652,
        1.2022600515138038e-7,
        0,
        5.544993086914474e-7,
        0.3349373936653137,
        0.9422395825386047,
        0,
        -0.006453686859458685,
        -0.004051647614687681,
        -0.005981796886771917,
        1
      ]
    },
    {
      "name": "Wood_box_bone_11",
      "scale": [
        0.999999225139618,
        1.00000107288361,
        0.999999821186066
      ],
      "parent": null,
      "position": [
        0.0069886464625597,
        0.00645369570702314,
        -0.00705313077196479
      ],
      "quat": [
        0.653279602527618,
        0.653278589248657,
        0.270603626966476,
        0.270604014396667
      ],
      "path": "Wood_box_bone_11",
      "uniqueBindPose": [
        0.0000015984957144610235,
        0.7070935368537903,
        0.707119345664978,
        0,
        1.0000007152557373,
        -0.0000010993760497512994,
        -0.000001161234536084521,
        0,
        -4.371142381387472e-8,
        0.7071184515953064,
        -0.7070945501327515,
        0,
        -0.006453712936490774,
        0.00004578084553941153,
        -0.00992902833968401,
        1
      ]
    },
    {
      "name": "Wood_box_bone_3",
      "scale": [
        1.00000035762787,
        1.00000035762787,
        0.999999761581421
      ],
      "parent": null,
      "position": [
        0.00698844995349646,
        0.00645369570702314,
        0.00364877935498953
      ],
      "quat": [
        0.497521102428436,
        0.49752202630043,
        0.502466797828674,
        0.502465665340424
      ],
      "path": "Wood_box_bone_3",
      "uniqueBindPose": [
        -0.0000023835714273445774,
        0.031244177371263504,
        0.9995120763778687,
        0,
        0.9999995827674866,
        -1.772954618672884e-7,
        0.0000023902794055175036,
        0,
        2.5189117991430976e-7,
        0.9995114207267761,
        -0.031244197860360146,
        0,
        -0.006453678477555513,
        -0.003865344449877739,
        -0.0068710497580468655,
        1
      ]
    },
    {
      "name": "Wood_box_bone_7",
      "scale": [
        1.00000023841858,
        1.00000047683716,
        1.00000035762787
      ],
      "parent": null,
      "position": [
        -0.00701063917949796,
        0.00645366823300719,
        0.00699324999004602
      ],
      "quat": [
        -0.184665188193321,
        -0.184665873646736,
        0.682568311691284,
        0.682567059993744
      ],
      "path": "Wood_box_bone_7",
      "uniqueBindPose": [
        -0.000002341868821531534,
        -0.8463871479034424,
        -0.5325673818588257,
        0,
        1,
        -0.0000017103012623920222,
        -0.0000016792054111647303,
        0,
        5.104075739836844e-7,
        -0.5325672030448914,
        0.8463873863220215,
        0,
        -0.006453686859458685,
        -0.0022093290463089943,
        -0.009652625769376755,
        1
      ]
    },
    {
      "name": "Wood_box_bone_2",
      "scale": [
        1.00000047683716,
        1.00000035762787,
        1.00000011920929
      ],
      "parent": null,
      "position": [
        0.00698851095512509,
        0.00645369617268443,
        0.0000818849730421789
      ],
      "quat": [
        0.549417793750763,
        0.549418747425079,
        0.445129305124283,
        0.44512814283371
      ],
      "path": "Wood_box_bone_2",
      "uniqueBindPose": [
        -0.000002341180788789643,
        0.22346560657024384,
        0.9747118353843689,
        0,
        0.9999995827674866,
        2.2610723959815004e-8,
        0.0000023967384095158195,
        0,
        5.135496508046344e-7,
        0.9747114181518555,
        -0.2234657108783722,
        0,
        -0.006453678943216801,
        -0.0016415062127634883,
        -0.006793498061597347,
        1
      ]
    },
    {
      "name": "Wood_box_bone_5",
      "scale": [
        1.00000047683716,
        1,
        1.00000071525574
      ],
      "parent": null,
      "position": [
        0.0034825240727514,
        0.00645368872210383,
        0.00699344556778669
      ],
      "quat": [
        0.0736149027943611,
        0.0736147910356522,
        0.703265130519867,
        0.703263700008392
      ],
      "path": "Wood_box_bone_5",
      "uniqueBindPose": [
        -0.0000023590853288624203,
        -0.9696041941642761,
        0.2446790635585785,
        0,
        0.9999995231628418,
        -0.0000023910668005555635,
        1.663347291014361e-7,
        0,
        4.237651864968939e-7,
        0.2446792721748352,
        0.9696033000946045,
        0,
        -0.00645368080586195,
        0.0016655322397127748,
        -0.007632969878613949,
        1
      ]
    },
    {
      "name": "Wood_box_bone_9",
      "scale": [
        0.999999463558197,
        0.999999821186066,
        1.00000047683716
      ],
      "parent": null,
      "position": [
        -0.00695066247135401,
        0.00645367056131363,
        -0.00174469710327685
      ],
      "quat": [
        -0.45827528834343,
        -0.458276450634003,
        0.538501381874084,
        0.538500428199768
      ],
      "path": "Wood_box_bone_9",
      "uniqueBindPose": [
        -0.0000023506595425715204,
        -0.1809132695198059,
        -0.9834986925125122,
        0,
        1.0000005960464478,
        3.527220115984164e-8,
        -0.0000023965844775375444,
        0,
        4.6826451693959825e-7,
        -0.9834992289543152,
        0.18091319501399994,
        0,
        -0.006453687325119972,
        -0.002973375841975212,
        -0.006520314607769251,
        1
      ]
    },
    {
      "name": "Wood_box_bone_14",
      "scale": [
        1.00000071525574,
        1.00000011920929,
        1.00000047683716
      ],
      "parent": null,
      "position": [
        -0.00333423726260662,
        0.00645367614924908,
        -0.00692636426538229
      ],
      "quat": [
        0.707107245922089,
        0.707106351852417,
        0.00000621103708908777,
        0.00000621104527454008
      ],
      "path": "Wood_box_bone_14",
      "uniqueBindPose": [
        0.0000014653898006145027,
        1,
        0.000017576854588696733,
        0,
        0.9999993443489075,
        -0.0000014653900279881782,
        -4.373712059191348e-8,
        0,
        -4.37113598650285e-8,
        0.00001757686368364375,
        -0.9999995231628418,
        0,
        -0.006453666370362043,
        0.003334370208904147,
        -0.006926301401108503,
        1
      ]
    },
    {
      "name": "Wood_box_bone_13",
      "scale": [
        1,
        0.999999761581421,
        1.00000011920929
      ],
      "parent": null,
      "position": [
        -0.000118294643471017,
        0.00645368034020066,
        -0.00692630466073751
      ],
      "quat": [
        0.704384684562683,
        0.704386174678802,
        -0.0619773045182228,
        -0.0619771331548691
      ],
      "path": "Wood_box_bone_13",
      "uniqueBindPose": [
        -0.0000023968450477696024,
        0.9809885025024414,
        -0.19406722486019135,
        0,
        1,
        0.0000023512932330049807,
        -4.650695188956888e-7,
        0,
        8.106588317291497e-11,
        -0.19406729936599731,
        -0.9809881448745728,
        0,
        -0.006453680340200663,
        -0.0012281370582059026,
        -0.0068175774067640305,
        1
      ]
    },
    {
      "name": "Wood_box_bone_12",
      "scale": [
        1.00000047683716,
        1.00000083446503,
        1.00000047683716
      ],
      "parent": null,
      "position": [
        0.00339794065803289,
        0.00645368918776512,
        -0.00692624412477016
      ],
      "quat": [
        0.705369234085083,
        0.705370664596558,
        -0.0495301224291325,
        -0.0495300330221653
      ],
      "path": "Wood_box_bone_12",
      "uniqueBindPose": [
        -0.0000022622850792686222,
        0.9862155914306641,
        -0.16546134650707245,
        0,
        0.9999995827674866,
        0.000002244277538920869,
        -2.9578617954939546e-7,
        0,
        7.963230785890119e-8,
        -0.16546130180358887,
        -0.9862157702445984,
        0,
        -0.006453678477555513,
        -0.004497140180319548,
        -0.006268542259931564,
        1
      ]
    },
    {
      "name": "Wood_box_bone_18",
      "scale": [
        1.00000083446503,
        1.00000023841858,
        0.999999940395355
      ],
      "parent": null,
      "position": [
        0.000887905189301819,
        0.0144577939063311,
        0.00707030156627297
      ],
      "quat": [
        -0.00000763981734053232,
        0.70710676908493,
        0.707106828689575,
        0.00000612253188592149
      ],
      "path": "Wood_box_bone_18",
      "uniqueBindPose": [
        -0.9999992847442627,
        -0.000019441071344772354,
        -0.000002413986521787592,
        0,
        -0.0000024139847027981887,
        -1.4530458457409417e-16,
        1.0000001192092896,
        0,
        -0.000019441062249825336,
        0.9999997615814209,
        -4.6930351965679407e-11,
        0,
        0.0008880731766112149,
        -0.007070283871144056,
        -0.014457792975008488,
        1
      ]
    },
    {
      "name": "Wood_box_bone_17",
      "scale": [
        0.999999940395355,
        1.00000083446503,
        1.00000083446503
      ],
      "parent": null,
      "position": [
        -0.00374086620286107,
        0.014457787387073,
        -0.000371189322322607
      ],
      "quat": [
        -0.487628638744354,
        -0.51207572221756,
        -0.48763319849968,
        0.51206511259079
      ],
      "path": "Wood_box_bone_17",
      "uniqueBindPose": [
        -0.00001531317684566602,
        0.9988046884536743,
        -0.048864562064409256,
        0,
        0.000005692243576049805,
        0.04886456951498985,
        0.99880450963974,
        0,
        1,
        0.00001501672431913903,
        -0.000006433710495912237,
        0,
        0.0003710489545483142,
        0.0030299299396574497,
        -0.014623301103711128,
        1
      ]
    },
    {
      "name": "Wood_box_bone_16",
      "scale": [
        1.00000047683716,
        1.00000035762787,
        1.00000035762787
      ],
      "parent": null,
      "position": [
        0.000139749245136045,
        0.0144577929750085,
        -0.000371118687326089
      ],
      "quat": [
        -0.485736697912216,
        -0.513870477676392,
        -0.485740959644318,
        0.513860583305359
      ],
      "path": "Wood_box_bone_16",
      "uniqueBindPose": [
        -0.000014381061191670597,
        0.9984175562858582,
        -0.05623140558600426,
        0,
        0.000005230301667324966,
        0.05623141676187515,
        0.9984174370765686,
        0,
        0.9999993443489075,
        0.00001406420415150933,
        -0.000006030694748915266,
        0,
        0.00037104400689713657,
        -0.0009525012574158609,
        -0.014427055604755878,
        1
      ]
    },
    {
      "name": "Wood_box_bone_15",
      "scale": [
        1.00000107288361,
        1.00000035762787,
        1.00000023841858
      ],
      "parent": null,
      "position": [
        0.00339780538342893,
        0.0144578004255891,
        -0.00037105951923877
      ],
      "quat": [
        -0.491829484701157,
        -0.508042335510254,
        -0.491834074258804,
        0.508031487464905
      ],
      "path": "Wood_box_bone_15",
      "uniqueBindPose": [
        -0.00001544631777505856,
        0.9994744658470154,
        -0.03240622207522392,
        0,
        0.000006087111614760943,
        0.032406218349933624,
        0.9994745254516602,
        0,
        0.999998927116394,
        0.000015240954780892935,
        -0.000006584476523130434,
        0,
        0.00037102261558175087,
        -0.003864532569423318,
        -0.014340096153318882,
        1
      ]
    },
    {
      "name": "Wood_box_bone_20",
      "scale": [
        1,
        1.00000071525574,
        1.00000011920929
      ],
      "parent": null,
      "position": [
        -0.00724794808775187,
        0.014457780867815,
        -0.00036026700399816
      ],
      "quat": [
        -0.491139680147171,
        -0.508708655834198,
        -0.491144090890884,
        0.508699119091034
      ],
      "path": "Wood_box_bone_20",
      "uniqueBindPose": [
        -0.00001384843562846072,
        0.9993825554847717,
        -0.03511882573366165,
        0,
        0.000004835425897908863,
        0.03511880710721016,
        0.9993831515312195,
        0,
        0.9999998211860657,
        0.000013670072803506628,
        -0.0000053187841331236996,
        0,
        0.00036009601899422705,
        0.006735741160809994,
        -0.014703399501740932,
        1
      ]
    },
    {
      "name": "Wood_box_bone_19",
      "scale": [
        0.999999463558197,
        1.00000023841858,
        1.00000059604645
      ],
      "parent": null,
      "position": [
        0.000888164329808205,
        0.0144577939063311,
        -0.00722108921036124
      ],
      "quat": [
        -0.00000784001622378128,
        0.707106709480286,
        0.707106828689575,
        0.00000609092012382462
      ],
      "path": "Wood_box_bone_19",
      "uniqueBindPose": [
        -1.0000007152557373,
        -0.0000197073877643561,
        -0.0000027120145205117296,
        0,
        -0.0000027120149752590805,
        -1.2665981330428622e-7,
        0.9999995231628418,
        0,
        -0.00001970740413526073,
        0.9999997615814209,
        1.2660630943628348e-7,
        0,
        0.0008880579262040555,
        0.007221105974167585,
        -0.014457783661782742,
        1
      ]
    }
  ],
  "_precomputeJointMatrix": false
}