{
  "__type__": "cc.Model",
  "_name": "Run",
  "_objFlags": 0,
  "_native": "",
  "_nodes": [
    {
      "name": "RootNode",
      "scale": [
        1,
        1,
        1
      ],
      "children": [
        1,
        6,
        12,
        25
      ],
      "position": [
        0,
        0,
        0
      ],
      "quat": [
        0,
        0,
        0,
        1
      ],
      "path": ""
    },
    {
      "name": "AUS_character_bone_hand_L",
      "scale": [
        0.315736174583435,
        0.315736502408981,
        0.315736293792725
      ],
      "children": [
        2,
        4
      ],
      "parent": null,
      "position": [
        -0.000838069885503501,
        0.0140586132183671,
        0.00236254394985735
      ],
      "quat": [
        0.746664762496948,
        -0.108767956495285,
        0.549626886844635,
        -0.358568757772446
      ],
      "path": "AUS_character_bone_hand_L",
      "uniqueBindPose": [
        0.9992290139198303,
        0.03927050158381462,
        6.794675755372737e-8,
        0,
        -0.039270538836717606,
        0.9992279410362244,
        -9.27256110117014e-7,
        0,
        -1.0430820651663453e-7,
        9.238719940185547e-7,
        1,
        0,
        -0.012629840523004532,
        -0.00018568219093140215,
        -0.015784310176968575,
        1
      ]
    },
    {
      "name": "AUS_character_bone_finger_L_1",
      "scale": [
        0.999999821186066,
        0.99999988079071,
        0.99999988079071
      ],
      "children": [
        3
      ],
      "parent": null,
      "position": [
        0.0036893617361784,
        2.38418573772492e-9,
        -1.19209286886246e-9
      ],
      "quat": [
        -0.0428382232785225,
        0.736031949520111,
        -0.0127379018813372,
        0.675469934940338
      ],
      "path": "AUS_character_bone_hand_L/AUS_character_bone_finger_L_1",
      "uniqueBindPose": [
        0.9970380067825317,
        0.07691620290279388,
        6.7946650972317e-8,
        0,
        -0.07691626995801926,
        0.9970369338989258,
        -9.272555985262443e-7,
        0,
        -1.3906644369399146e-7,
        9.192819447889633e-7,
        1,
        0,
        -0.01630060002207756,
        -0.0008008331642486155,
        -0.015784310176968575,
        1
      ]
    },
    {
      "name": "AUS_character_bone_finger_L_2",
      "scale": [
        1.00000023841858,
        1.00000035762787,
        1
      ],
      "parent": null,
      "position": [
        0.00166912190616131,
        -4.76837147544984e-9,
        1.19209286886246e-9
      ],
      "quat": [
        -0.0726420059800148,
        0.733690023422241,
        -0.0146553535014391,
        0.675431191921234
      ],
      "path": "AUS_character_bone_hand_L/AUS_character_bone_finger_L_1/AUS_character_bone_finger_L_2",
      "uniqueBindPose": [
        0.9927619695663452,
        0.1200919970870018,
        6.794665807774436e-8,
        0,
        -0.1200919970870018,
        0.9927619695663452,
        -9.272553711525688e-7,
        0,
        -1.7881080793813453e-7,
        9.123839390667854e-7,
        1,
        0,
        -0.017918068915605545,
        -0.0015795411309227347,
        -0.015784310176968575,
        1
      ]
    },
    {
      "name": "AUS_character_bone_finger_L_3",
      "scale": [
        0.99999988079071,
        0.99999988079071,
        1
      ],
      "children": [
        5
      ],
      "parent": null,
      "position": [
        0.00156246894039214,
        -0.00191203353460878,
        -0.000336914061335847
      ],
      "quat": [
        -0.052774079144001,
        0.379027098417282,
        -0.0913756191730499,
        0.919349670410156
      ],
      "path": "AUS_character_bone_hand_L/AUS_character_bone_finger_L_3",
      "uniqueBindPose": [
        0.7241380214691162,
        0.6896550059318542,
        6.79473046716339e-8,
        0,
        -0.6896550059318542,
        0.7241380214691162,
        -9.272552006223123e-7,
        0,
        -6.886894539093191e-7,
        6.246005455068371e-7,
        1,
        0,
        -0.01179421879351139,
        -0.008080750703811646,
        -0.015447399578988552,
        1
      ]
    },
    {
      "name": "AUS_character_bone_finger_L_4",
      "scale": [
        0.999999940395355,
        1,
        1
      ],
      "parent": null,
      "position": [
        0.0014733886346221,
        0,
        -2.98023217215615e-10
      ],
      "quat": [
        3.72256643288438e-8,
        1.47648862025562e-8,
        0.368690133094788,
        0.929552376270294
      ],
      "path": "AUS_character_bone_hand_L/AUS_character_bone_finger_L_3/AUS_character_bone_finger_L_4",
      "uniqueBindPose": [
        0.7622950077056885,
        0.6472299695014954,
        6.794718387936882e-8,
        0,
        -0.6472299695014954,
        0.7622950077056885,
        -9.272554279959877e-7,
        0,
        -6.519433100038441e-7,
        6.6286469291299e-7,
        1,
        0,
        -0.01370689831674099,
        -0.00731086079031229,
        -0.015447399578988552,
        1
      ]
    },
    {
      "name": "AUS_character_bone_hand_R",
      "scale": [
        1.52245044708252,
        1.52244985103607,
        1.52244997024536
      ],
      "children": [
        7,
        9,
        11
      ],
      "parent": null,
      "position": [
        -0.0124182850122452,
        0.0121451243758202,
        0.0104999449104071
      ],
      "quat": [
        -0.0100504448637366,
        -0.708611905574799,
        0.00900418777018785,
        0.70546942949295
      ],
      "path": "AUS_character_bone_hand_R",
      "uniqueBindPose": [
        -0.9992290139198303,
        0.03927069902420044,
        -1.1294101653902544e-7,
        0,
        -0.03927069902420044,
        -0.9992290139198303,
        -5.412945824900817e-7,
        0,
        -1.3411096233539865e-7,
        -5.364419735087722e-7,
        1,
        0,
        -0.012634539045393467,
        0.00018586318765301257,
        -0.015784310176968575,
        1
      ]
    },
    {
      "name": "AUS_character_bone_finger_R_3",
      "scale": [
        1,
        0.999999940395355,
        0.999999940395355
      ],
      "children": [
        8
      ],
      "parent": null,
      "position": [
        0.00156247138511389,
        0.00191203167196363,
        -0.000336914061335847
      ],
      "quat": [
        0.315820217132568,
        0.345567166805267,
        0.144081443548203,
        0.871826529502869
      ],
      "path": "AUS_character_bone_hand_R/AUS_character_bone_finger_R_3",
      "uniqueBindPose": [
        -0.7241380214691162,
        0.6896550059318542,
        -1.1294140733753011e-7,
        0,
        -0.6896550059318542,
        -0.7241380214691162,
        -5.412945824900817e-7,
        0,
        -4.5509167989621346e-7,
        -3.140813191748748e-7,
        1,
        0,
        -0.011797619052231312,
        0.008083990775048733,
        -0.015447389334440231,
        1
      ]
    },
    {
      "name": "AUS_character_bone_finger_R_4",
      "scale": [
        0.99999988079071,
        0.999999940395355,
        1
      ],
      "parent": null,
      "position": [
        0.00147338747046888,
        1.19209286886246e-9,
        -5.9604643443123e-10
      ],
      "quat": [
        -3.33605782998347e-8,
        -3.32793987922742e-8,
        -0.448302865028381,
        0.893881738185883
      ],
      "path": "AUS_character_bone_hand_R/AUS_character_bone_finger_R_3/AUS_character_bone_finger_R_4",
      "uniqueBindPose": [
        -0.7622950077056885,
        0.6472299695014954,
        -1.1294181945231685e-7,
        0,
        -0.6472299695014954,
        -0.7622950077056885,
        -5.412940140558931e-7,
        0,
        -4.3643669300763577e-7,
        -3.3952636613321374e-7,
        1,
        0,
        -0.013710488565266132,
        0.007313901092857122,
        -0.015447389334440231,
        1
      ]
    },
    {
      "name": "AUS_character_bone_finger_R_1",
      "scale": [
        1,
        1.00000011920929,
        0.99999988079071
      ],
      "children": [
        10
      ],
      "parent": null,
      "position": [
        0.00368936243467033,
        -5.36441779885877e-9,
        0
      ],
      "quat": [
        -0.0510326661169529,
        0.342996001243591,
        -0.0127580314874649,
        0.937862813472748
      ],
      "path": "AUS_character_bone_hand_R/AUS_character_bone_finger_R_1",
      "uniqueBindPose": [
        -0.9970380067825317,
        0.0769163966178894,
        -1.1294105917158959e-7,
        0,
        -0.0769163966178894,
        -0.9970380067825317,
        -5.412942414295685e-7,
        0,
        -1.542409364674313e-7,
        -5.310039341566153e-7,
        1,
        0,
        -0.016305290162563324,
        0.0008011911413632333,
        -0.015784310176968575,
        1
      ]
    },
    {
      "name": "AUS_character_bone_finger_R_2",
      "scale": [
        0.999999940395355,
        0.999999940395355,
        1.00000011920929
      ],
      "parent": null,
      "position": [
        0.00166912376880646,
        4.17232515204091e-9,
        0
      ],
      "quat": [
        0.0531626679003239,
        0.499239593744278,
        -0.0364494398236275,
        0.864063084125519
      ],
      "path": "AUS_character_bone_hand_R/AUS_character_bone_finger_R_1/AUS_character_bone_finger_R_2",
      "uniqueBindPose": [
        -0.9927629828453064,
        0.1200919970870018,
        -1.1294105206616223e-7,
        0,
        -0.1200919970870018,
        -0.9927629828453064,
        -5.412945824900817e-7,
        0,
        -1.7712883959575265e-7,
        -5.238139237917494e-7,
        1,
        0,
        -0.017922740429639816,
        0.0015801012050360441,
        -0.015784310176968575,
        1
      ]
    },
    {
      "name": "AUS_character_bone_sword",
      "scale": [
        0.65683650970459,
        0.6568363904953,
        0.656835317611694
      ],
      "parent": null,
      "position": [
        0.00328940921463072,
        -0.000238835214986466,
        -0.00232663145288825
      ],
      "quat": [
        -0.0459630638360977,
        -0.044192336499691,
        0.691673159599304,
        0.719390511512756
      ],
      "path": "AUS_character_bone_hand_R/AUS_character_bone_sword",
      "uniqueBindPose": [
        8.94069742685133e-8,
        0.9918689727783203,
        0.12726500630378723,
        0,
        -1,
        8.868000378470242e-8,
        1.137837735143421e-8,
        0,
        6.123234262925839e-17,
        -0.12726500630378723,
        0.9918689727783203,
        0,
        0.002761491108685732,
        0.01821756921708584,
        -0.0121663399040699,
        1
      ]
    },
    {
      "name": "AUS_character_ctr_all",
      "scale": [
        1,
        1,
        1
      ],
      "children": [
        13
      ],
      "parent": null,
      "position": [
        0,
        0,
        0
      ],
      "quat": [
        -0.70710676908493,
        0,
        0,
        0.70710676908493
      ],
      "path": "AUS_character_ctr_all"
    },
    {
      "name": "Point001",
      "scale": [
        1,
        1,
        1
      ],
      "children": [
        14,
        23,
        24
      ],
      "parent": null,
      "position": [
        0,
        -0.000374622322851792,
        0.0106485038995743
      ],
      "quat": [
        0.707107067108154,
        5.64941558423016e-7,
        0.707106471061707,
        -5.64942013170366e-7
      ],
      "path": "AUS_character_ctr_all/Point001"
    },
    {
      "name": "AUS_character_bone_body",
      "scale": [
        1,
        1.00000023841858,
        0.999999940395355
      ],
      "children": [
        15,
        17,
        20
      ],
      "parent": null,
      "position": [
        -0.000906326749827713,
        -0.0000205128999368753,
        -2.34374655100344e-11
      ],
      "quat": [
        0.0763431414961815,
        -0.00176980218384415,
        0.00405128346756101,
        0.997071802616119
      ],
      "path": "AUS_character_ctr_all/Point001/AUS_character_bone_body",
      "uniqueBindPose": [
        0.0000012924799648317276,
        8.771909847382631e-7,
        1,
        0,
        1.1338130954940961e-12,
        -1,
        8.771909847382631e-7,
        0,
        1,
        6.12323624815931e-17,
        -0.0000012924799648317276,
        0,
        -0.010648499242961407,
        -0.00037462080945260823,
        0.000002109180059051141,
        1
      ]
    },
    {
      "name": "AUS_character_bone_head",
      "scale": [
        1,
        1.00000011920929,
        1
      ],
      "children": [
        16
      ],
      "parent": null,
      "position": [
        0.00610202364623547,
        1.22934573631994e-9,
        1.73472343720272e-20
      ],
      "quat": [
        -0.0228548664599657,
        -0.000852288154419512,
        0.0172159541398287,
        0.999590158462524
      ],
      "path": "AUS_character_ctr_all/Point001/AUS_character_bone_body/AUS_character_bone_head",
      "uniqueBindPose": [
        3.3880900218719034e-7,
        4.0035399706539465e-7,
        1,
        0,
        1.3570477478287019e-13,
        -1,
        4.0035399706539465e-7,
        0,
        1,
        6.12323624815931e-17,
        -3.3880900218719034e-7,
        0,
        -0.016750529408454895,
        -0.0003746307920664549,
        0.00000210091002372792,
        1
      ]
    },
    {
      "name": "AUS_character_bone_helmet",
      "scale": [
        1.00000059604645,
        0.999999165534973,
        1
      ],
      "parent": null,
      "position": [
        0.00589014496654272,
        9.68575442072961e-10,
        1.76951286956495e-10
      ],
      "quat": [
        -0.0287911221385002,
        -0.00742872012779117,
        0.044489212334156,
        0.998567283153534
      ],
      "path": "AUS_character_ctr_all/Point001/AUS_character_bone_body/AUS_character_bone_head/AUS_character_bone_helmet",
      "uniqueBindPose": [
        -5.960468030252741e-8,
        4.3089354306857786e-10,
        1,
        0,
        -0.01591929979622364,
        -0.9998729228973389,
        -5.180261775095119e-10,
        0,
        0.9998729228973389,
        -0.01591929979622364,
        5.960400173421476e-8,
        0,
        -0.022643771022558212,
        -0.00001416150826116791,
        0.000002093559942295542,
        1
      ]
    },
    {
      "name": "AUS_character_bone_leg_R_1",
      "scale": [
        1.00000011920929,
        1.00000023841858,
        1
      ],
      "children": [
        18
      ],
      "parent": null,
      "position": [
        -0.00244891410693526,
        0.000112134366645478,
        -0.00425000116229057
      ],
      "quat": [
        0.34203028678894,
        0.939416944980621,
        0.00179523346014321,
        0.0225347895175219
      ],
      "path": "AUS_character_ctr_all/Point001/AUS_character_bone_body/AUS_character_bone_leg_R_1",
      "uniqueBindPose": [
        6.860216927861984e-8,
        3.5153399835508026e-7,
        -1,
        0,
        -0.16930116713047028,
        -0.9855639338493347,
        -3.580739189601445e-7,
        0,
        -0.9855649471282959,
        0.16930098831653595,
        -8.096712633687275e-9,
        0,
        0.007998819462954998,
        -0.0018679187633097172,
        -0.004252099897712469,
        1
      ]
    },
    {
      "name": "AUS_character_bone_leg_R_2",
      "scale": [
        0.999999940395355,
        1.00000011920929,
        1
      ],
      "children": [
        19
      ],
      "parent": null,
      "position": [
        0.00472714751958847,
        -1.49011603056692e-9,
        -2.98023217215615e-10
      ],
      "quat": [
        -3.82884763894253e-7,
        6.30589713779273e-9,
        -0.51036924123764,
        0.859955370426178
      ],
      "path": "AUS_character_ctr_all/Point001/AUS_character_bone_body/AUS_character_bone_leg_R_1/AUS_character_bone_leg_R_2",
      "uniqueBindPose": [
        -1.7010539465900365e-7,
        0.0000012147500001447042,
        -1,
        0,
        0.25277701020240784,
        -0.9675239324569702,
        -0.0000012182999853393994,
        0,
        -0.9675239324569702,
        -0.25277701020240784,
        -1.424800046834207e-7,
        0,
        0.0037510294932872057,
        -0.0003502578183542937,
        -0.004252099897712469,
        1
      ]
    },
    {
      "name": "AUS_character_bone_leg_R_3",
      "scale": [
        1,
        1,
        1
      ],
      "parent": null,
      "position": [
        0.00327913044020534,
        -2.98023217215615e-10,
        2.98023217215615e-10
      ],
      "quat": [
        3.73881078985505e-7,
        -3.1036213954394e-7,
        0.749490857124329,
        0.662014663219452
      ],
      "path": "AUS_character_ctr_all/Point001/AUS_character_bone_body/AUS_character_bone_leg_R_1/AUS_character_bone_leg_R_2/AUS_character_bone_leg_R_3",
      "uniqueBindPose": [
        2.7278238690087164e-7,
        8.308511212362646e-9,
        -1,
        0,
        -0.9913319945335388,
        -0.13137899339199066,
        -2.715096059091593e-7,
        0,
        -0.13137899339199066,
        0.9913319945335388,
        -2.760139672375317e-8,
        0,
        -0.0004058488120790571,
        -0.0004250458150636405,
        -0.004252099897712469,
        1
      ]
    },
    {
      "name": "AUS_character_bone_leg_L_1",
      "scale": [
        1,
        1.00000011920929,
        1.00000011920929
      ],
      "children": [
        21
      ],
      "parent": null,
      "position": [
        -0.00244891457259655,
        0.000112138164695352,
        0.004250000230968
      ],
      "quat": [
        0.0465581491589546,
        0.052794836461544,
        0.983232438564301,
        -0.168222963809967
      ],
      "path": "AUS_character_ctr_all/Point001/AUS_character_bone_body/AUS_character_bone_leg_L_1",
      "uniqueBindPose": [
        7.541092195140209e-10,
        -0.0000012398498938637204,
        1,
        0,
        -0.16930215060710907,
        0.9855639338493347,
        0.0000012220796179462923,
        0,
        -0.9855649471282959,
        -0.16930200159549713,
        -2.091659325742512e-7,
        0,
        0.007998819462954998,
        0.0018679387867450714,
        -0.004247899632900953,
        1
      ]
    },
    {
      "name": "AUS_character_bone_leg_L_2",
      "scale": [
        0.99999988079071,
        0.999999940395355,
        1
      ],
      "children": [
        22
      ],
      "parent": null,
      "position": [
        0.00472714845091105,
        1.78813930329369e-9,
        -2.98023217215615e-10
      ],
      "quat": [
        2.43725708060083e-7,
        3.01216147136074e-7,
        0.786381781101227,
        0.61774080991745
      ],
      "path": "AUS_character_ctr_all/Point001/AUS_character_bone_body/AUS_character_bone_leg_L_1/AUS_character_bone_leg_L_2",
      "uniqueBindPose": [
        -5.571620249611442e-7,
        -2.3219799061280355e-7,
        1,
        0,
        0.25277674198150635,
        0.9675250053405762,
        3.654949125575513e-7,
        0,
        -0.967523992061615,
        0.25277701020240784,
        -4.803740125680633e-7,
        0,
        0.003751039505004883,
        0.0003502668405417353,
        -0.004247899632900953,
        1
      ]
    },
    {
      "name": "AUS_character_bone_leg_L_3",
      "scale": [
        1.00000023841858,
        0.999999940395355,
        0.999999940395355
      ],
      "parent": null,
      "position": [
        0.00327912927605212,
        7.45058043039037e-11,
        2.98023217215615e-10
      ],
      "quat": [
        -5.34681589670072e-7,
        -4.72276525442794e-7,
        -0.749490976333618,
        0.662014544010162
      ],
      "path": "AUS_character_ctr_all/Point001/AUS_character_bone_body/AUS_character_bone_leg_L_1/AUS_character_bone_leg_L_2/AUS_character_bone_leg_L_3",
      "uniqueBindPose": [
        0.0000017297302292718086,
        -5.242239353719924e-7,
        1,
        0,
        -0.9913319945335388,
        0.13137799501419067,
        0.0000017836097185863764,
        0,
        -0.13137799501419067,
        -0.9913319945335388,
        -2.9243165045045316e-7,
        0,
        -0.00040586080285720527,
        0.000425047823227942,
        -0.004247899632900953,
        1
      ]
    },
    {
      "name": "AUS_character_ctr_leg_L",
      "scale": [
        1,
        1.00000011920929,
        1
      ],
      "parent": null,
      "position": [
        -0.00597511883825064,
        -0.00493032252416015,
        0.00425000814720988
      ],
      "quat": [
        0.707107365131378,
        -2.82470637102961e-7,
        0.707106173038483,
        2.82471120272021e-7
      ],
      "path": "AUS_character_ctr_all/Point001/AUS_character_ctr_leg_L"
    },
    {
      "name": "AUS_character_ctr_leg_R",
      "scale": [
        1,
        1.00000011920929,
        1
      ],
      "parent": null,
      "position": [
        -0.0100254602730274,
        0.00253512337803841,
        -0.00425000581890345
      ],
      "quat": [
        0.707107365131378,
        -2.82470637102961e-7,
        0.707106173038483,
        2.82471120272021e-7
      ],
      "path": "AUS_character_ctr_all/Point001/AUS_character_ctr_leg_R"
    },
    {
      "name": "AUS_character_model",
      "scale": [
        1,
        1,
        1
      ],
      "mesh": 0,
      "skin": 0,
      "parent": null,
      "position": [
        0,
        0,
        1.19209286886246e-9
      ],
      "quat": [
        -0.70710676908493,
        0,
        0,
        0.70710676908493
      ],
      "path": "AUS_character_model"
    }
  ],
  "_precomputeJointMatrix": false
}